0 0 0 0 0.248718 1.222896
0 0 1 0 -0.059335 -0.802399
0 0 2 0 1.113491 0.140643
0 0 3 0 0.221638 0.574372
0 0 4 0 0.496474 0.380461
0 0 5 0 0.069251 1.513417
0 1 0 0 -0.834303 0.935702
0 1 1 0 0.094487 0.956802
0 1 2 0 0.161906 0.759348
0 1 3 0 0.142678 0.801826
0 1 4 0 -0.068519 1.359785
0 1 5 0 -1.467966 -0.567786
0 2 0 0 0.415420 -0.892114
0 2 1 0 0.897247 0.507498
0 2 2 0 1.225159 1.152640
0 2 3 0 -0.142895 0.992734
0 2 4 0 -0.238469 0.469031
0 2 5 0 -0.115107 -0.213579
0 3 0 0 -1.115637 -0.776645
0 3 1 0 -0.791081 -1.383942
0 3 2 0 1.515797 -0.210149
0 3 3 0 1.422679 0.583536
0 3 4 0 0.719196 0.128627
0 3 5 0 1.375559 -0.198962
0 4 0 0 -0.393160 -0.207906
0 4 1 0 -1.275786 0.013587
0 4 2 0 0.627583 1.443468
0 4 3 0 0.400108 -1.078800
0 4 4 0 -0.216187 -0.557668
0 4 5 0 1.030458 -0.212891
0 5 0 0 0.147333 0.873642
0 5 1 0 -1.094237 -0.035505
0 5 2 0 0.975903 -0.313326
0 5 3 0 0.997132 -0.873039
0 5 4 0 0.854289 -0.773494
0 5 5 0 1.040259 1.360277
1 0 0 0 -0.551603 1.185151
1 0 1 0 -0.902958 -0.174497
1 0 2 0 -0.190601 1.446542
1 0 3 0 -0.827572 0.679344
1 0 4 0 0.442536 1.035999
1 0 5 0 -0.318021 0.028609
1 1 0 0 1.044039 0.347414
1 1 1 0 -0.243431 -0.192000
1 1 2 0 0.849147 1.348696
1 1 3 0 1.123406 0.738340
1 1 4 0 0.994956 0.396900
1 1 5 0 -0.502065 0.735296
1 2 0 0 -0.410762 0.731240
1 2 1 0 0.666033 -0.894371
1 2 2 0 0.610517 0.739090
1 2 3 0 -0.637845 0.502455
1 2 4 0 0.213789 0.933687
1 2 5 0 -0.436436 0.304071
1 3 0 0 0.025042 0.332781
1 3 1 0 -0.353374 0.353757
1 3 2 0 0.532209 1.367545
1 3 3 0 -0.439000 1.140078
1 3 4 0 0.524230 2.037259
1 3 5 0 -0.193811 -0.685119
1 4 0 0 0.159443 1.205926
1 4 1 0 0.124195 0.599313
1 4 2 0 0.722709 0.733452
1 4 3 0 -0.131724 1.114125
1 4 4 0 0.213496 0.692732
1 4 5 0 0.238628 0.643456
1 5 0 0 -0.843564 0.998376
1 5 1 0 -0.266202 0.797438
1 5 2 0 0.041620 -0.071484
1 5 3 0 0.948295 -0.577409
1 5 4 0 1.226120 0.070679
1 5 5 0 0.905833 0.108452
2 0 0 0 0.004128 0.649708
2 0 1 0 -0.647107 -0.109770
2 0 2 0 0.601429 0.586919
2 0 3 0 0.704252 -0.310846
2 0 4 0 -0.825502 0.793272
2 0 5 0 -0.709867 0.307902
2 1 0 0 0.864019 0.448701
2 1 1 0 -1.114508 0.260214
2 1 2 0 0.646018 1.020257
2 1 3 0 0.837958 0.793196
2 1 4 0 -0.367836 0.935665
2 1 5 0 -0.952814 0.526403
2 2 0 0 0.564170 -0.103912
2 2 1 0 0.656184 -0.884365
2 2 2 0 -0.833591 -0.616735
2 2 3 0 1.335121 0.387038
2 2 4 0 0.218258 0.924404
2 2 5 0 -0.481954 0.046831
2 3 0 0 0.194288 0.260709
2 3 1 0 0.775870 0.529648
2 3 2 0 -0.481484 -0.635071
2 3 3 0 0.567466 1.153893
2 3 4 0 0.264938 0.940515
2 3 5 0 -0.566729 -0.024527
2 4 0 0 -0.039768 0.286963
2 4 1 0 0.077244 0.199769
2 4 2 0 -1.823931 0.238848
2 4 3 0 0.620368 0.511034
2 4 4 0 0.772972 0.714275
2 4 5 0 -0.217370 -0.284717
2 5 0 0 -0.737935 0.813025
2 5 1 0 0.264705 0.000208
2 5 2 0 -0.933388 -0.523925
2 5 3 0 0.654485 -0.566629
2 5 4 0 0.642928 0.220489
2 5 5 0 0.060953 1.585613
3 0 0 0 0.306653 -0.458881
3 0 1 0 -0.707788 -0.476392
3 0 2 0 -1.260009 -0.265505
3 0 3 0 1.013071 0.572497
3 0 4 0 -0.471984 0.063572
3 0 5 0 -0.073322 1.241985
3 1 0 0 -0.640256 0.039898
3 1 1 0 -1.085861 -0.000782
3 1 2 0 -0.487607 0.655575
3 1 3 0 0.749343 1.206866
3 1 4 0 -0.790497 0.679257
3 1 5 0 -0.964283 1.066476
3 2 0 0 -0.034599 0.732560
3 2 1 0 -0.671210 -1.369150
3 2 2 0 0.830687 -1.271372
3 2 3 0 -0.297013 0.054876
3 2 4 0 -1.103072 0.302297
3 2 5 0 -0.969284 1.187106
3 3 0 0 -0.092625 0.056172
3 3 1 0 1.305903 -0.634127
3 3 2 0 -0.081440 -0.988985
3 3 3 0 0.554756 -1.527485
3 3 4 0 0.630522 0.110977
3 3 5 0 1.373788 -0.047884
3 4 0 0 0.032947 -0.537408
3 4 1 0 0.583273 -0.267071
3 4 2 0 0.294371 -1.190396
3 4 3 0 1.345381 -0.502732
3 4 4 0 -0.303290 0.209632
3 4 5 0 0.890489 -1.096819
3 5 0 0 -1.011088 0.232566
3 5 1 0 -0.779751 -0.070686
3 5 2 0 0.068238 -0.192069
3 5 3 0 0.500251 0.458708
3 5 4 0 -0.418335 0.083231
3 5 5 0 0.295666 0.851716
4 0 0 0 0.513804 -0.276051
4 0 1 0 -0.789345 1.068062
4 0 2 0 -0.676643 1.161919
4 0 3 0 -0.491479 0.338420
4 0 4 0 -0.846454 0.277305
4 0 5 0 0.021885 0.437062
4 1 0 0 -0.041542 -0.717939
4 1 1 0 -0.860309 0.696752
4 1 2 0 0.425784 -0.560088
4 1 3 0 0.185543 0.669319
4 1 4 0 0.660576 -0.524494
4 1 5 0 0.768600 -0.314122
4 2 0 0 0.000994 0.095160
4 2 1 0 -0.148989 0.405754
4 2 2 0 0.269373 -1.384580
4 2 3 0 0.973373 -0.531149
4 2 4 0 -0.472080 0.059844
4 2 5 0 -0.208524 0.329321
4 3 0 0 -0.967058 0.621060
4 3 1 0 -0.307306 0.725017
4 3 2 0 1.191100 -1.034963
4 3 3 0 1.244933 -0.571102
4 3 4 0 -0.163974 0.369537
4 3 5 0 0.849648 0.577243
4 4 0 0 -0.332378 -0.816995
4 4 1 0 0.542463 0.689928
4 4 2 0 1.769959 -1.166305
4 4 3 0 0.203253 -0.032239
4 4 4 0 -0.554478 0.438383
4 4 5 0 -0.129231 0.832858
4 5 0 0 0.746479 0.543149
4 5 1 0 -0.234215 0.670133
4 5 2 0 -1.013430 -0.486623
4 5 3 0 -0.395796 -0.172179
4 5 4 0 0.386023 0.628499
4 5 5 0 -0.438719 -0.645040
5 0 0 0 -0.438623 -0.474916
5 0 1 0 -0.652913 -0.187907
5 0 2 0 1.030102 -0.074264
5 0 3 0 1.100176 -0.029578
5 0 4 0 0.695217 -0.467592
5 0 5 0 -0.018563 -0.225647
5 1 0 0 -0.696889 0.568297
5 1 1 0 -0.236179 1.048045
5 1 2 0 0.844230 1.111206
5 1 3 0 1.345438 0.650675
5 1 4 0 0.922077 0.634966
5 1 5 0 0.189581 -0.489343
5 2 0 0 0.886576 -0.186667
5 2 1 0 0.471119 -0.593885
5 2 2 0 0.574963 -0.833364
5 2 3 0 1.369263 -0.623170
5 2 4 0 -0.361988 1.123860
5 2 5 0 -0.544177 0.047822
5 3 0 0 0.203530 -0.550951
5 3 1 0 -0.466567 0.474640
5 3 2 0 0.747775 -0.336616
5 3 3 0 1.020720 0.247143
5 3 4 0 0.027046 1.021343
5 3 5 0 -0.592258 0.601216
5 4 0 0 0.147503 0.653281
5 4 1 0 -0.274529 -0.170379
5 4 2 0 -0.071413 -0.800916
5 4 3 0 0.676069 -0.160879
5 4 4 0 -0.346531 -1.548576
5 4 5 0 0.519380 1.111863
5 5 0 0 0.656609 1.056897
5 5 1 0 0.426486 0.735191
5 5 2 0 0.970337 -0.266655
5 5 3 0 0.009720 0.135827
5 5 4 0 -0.451231 -0.534237
5 5 5 0 0.658289 0.087474
0 0 0 1 -0.030454 -1.102269
0 0 1 1 -0.477218 -0.715831
0 0 2 1 -0.458811 -0.217666
0 0 3 1 0.770742 -0.604337
0 0 4 1 0.728562 -0.034885
0 0 5 1 0.777373 -0.054635
0 1 0 1 0.436059 -0.299828
0 1 1 1 1.088265 0.610967
0 1 2 1 0.475707 1.609616
0 1 3 1 1.450799 1.233753
0 1 4 1 0.403952 0.156253
0 1 5 1 0.063230 -0.256805
0 2 0 1 0.618811 0.687169
0 2 1 1 0.287725 1.596585
0 2 2 1 -0.477472 0.623160
0 2 3 1 0.578306 0.148575
0 2 4 1 0.780023 0.543491
0 2 5 1 1.009560 -0.021863
0 3 0 1 -0.258547 -0.382895
0 3 1 1 0.150106 -0.464002
0 3 2 1 0.918067 -0.085473
0 3 3 1 0.500190 -0.515778
0 3 4 1 0.772373 -0.571841
0 3 5 1 -0.211831 0.633850
0 4 0 1 0.287632 -0.195986
0 4 1 1 0.453015 -0.565073
0 4 2 1 0.192129 0.589413
0 4 3 1 0.569049 1.135124
0 4 4 1 0.282138 0.815674
0 4 5 1 1.153570 0.088145
0 5 0 1 -0.471079 -0.455339
0 5 1 1 -1.010888 0.454637
0 5 2 1 -0.919805 0.633497
0 5 3 1 0.221275 0.371591
0 5 4 1 0.499940 0.711951
0 5 5 1 0.858612 0.076112
1 0 0 1 -0.171787 0.052710
1 0 1 1 -0.615288 -0.290678
1 0 2 1 0.764522 -0.450189
1 0 3 1 0.530182 -0.981938
1 0 4 1 -0.359585 0.102223
1 0 5 1 0.225558 0.372559
1 1 0 1 0.233000 0.872868
1 1 1 1 -0.018812 -1.116007
1 1 2 1 0.467111 0.046288
1 1 3 1 1.390272 0.364615
1 1 4 1 -0.347253 0.493225
1 1 5 1 -0.022021 0.450191
1 2 0 1 -0.322053 -1.116601
1 2 1 1 1.211157 0.194582
1 2 2 1 0.862194 0.513345
1 2 3 1 0.696453 1.396238
1 2 4 1 -1.015190 -0.113416
1 2 5 1 -0.043552 1.174023
1 3 0 1 -0.130787 -0.256729
1 3 1 1 0.797400 0.878759
1 3 2 1 1.215433 0.335412
1 3 3 1 -0.142959 -0.616856
1 3 4 1 0.237942 0.774921
1 3 5 1 -0.267308 1.170462
1 4 0 1 0.192391 -0.108584
1 4 1 1 -0.159435 0.793662
1 4 2 1 0.496399 0.632971
1 4 3 1 0.695957 0.682627
1 4 4 1 0.700264 0.234701
1 4 5 1 -0.975046 1.052982
1 5 0 1 -0.964836 -0.665453
1 5 1 1 -0.789288 0.481345
1 5 2 1 -0.504513 -0.035008
1 5 3 1 0.661579 -0.186628
1 5 4 1 -0.185175 0.783373
1 5 5 1 -0.498597 0.168173
2 0 0 1 0.662133 0.524810
2 0 1 1 -1.262545 -0.007825
2 0 2 1 -0.196699 -0.983471
2 0 3 1 1.157260 0.692684
2 0 4 1 -0.766400 -0.659503
2 0 5 1 -1.178132 0.413003
2 1 0 1 1.139417 0.064827
2 1 1 1 0.654342 -0.709750
2 1 2 1 0.081298 -0.348574
2 1 3 1 0.905985 -0.393780
2 1 4 1 -0.565175 0.246835
2 1 5 1 -0.010480 1.502904
2 2 0 1 0.441125 0.585412
2 2 1 1 0.516207 0.335133
2 2 2 1 1.244009 0.123849
2 2 3 1 0.628343 1.329244
2 2 4 1 0.859147 0.022844
2 2 5 1 1.041290 0.707903
2 3 0 1 0.011105 0.997669
2 3 1 1 -0.567909 -0.215936
2 3 2 1 -0.606543 -0.867028
2 3 3 1 0.909640 0.144271
2 3 4 1 1.013548 0.603935
2 3 5 1 0.480994 0.385924
2 4 0 1 0.441046 0.804213
2 4 1 1 -0.030632 0.014048
2 4 2 1 0.414508 -0.562230
2 4 3 1 1.174347 -0.058502
2 4 4 1 -0.064495 -0.481206
2 4 5 1 -0.691204 0.614277
2 5 0 1 1.132367 -0.462731
2 5 1 1 0.883474 -0.394785
2 5 2 1 0.254540 -0.978714
2 5 3 1 0.485557 -0.268672
2 5 4 1 -0.543827 -0.243765
2 5 5 1 0.177375 0.704503
3 0 0 1 1.368488 -0.829960
3 0 1 1 -0.003861 0.785928
3 0 2 1 0.281174 -1.274820
3 0 3 1 -0.060885 0.410676
3 0 4 1 -0.413832 -0.288856
3 0 5 1 1.063889 0.193800
3 1 0 1 1.245709 -0.233199
3 1 1 1 -0.198118 0.183583
3 1 2 1 -0.735995 -0.061740
3 1 3 1 -0.132365 0.989150
3 1 4 1 -0.819803 -1.061434
3 1 5 1 0.328875 -0.569493
3 2 0 1 -0.069697 0.134833
3 2 1 1 0.669928 0.851799
3 2 2 1 -0.846319 -0.881433
3 2 3 1 -0.340017 0.714232
3 2 4 1 -0.099861 0.672524
3 2 5 1 0.007501 0.390385
3 3 0 1 -0.798286 0.140606
3 3 1 1 0.820899 0.188885
3 3 2 1 0.546664 -0.356249
3 3 3 1 -0.623151 0.361463
3 3 4 1 -0.474096 0.336614
3 3 5 1 -1.188777 -0.694287
3 4 0 1 -0.683809 0.112057
3 4 1 1 1.146551 -0.258641
3 4 2 1 0.128247 -0.351629
3 4 3 1 -0.523920 -0.952928
3 4 4 1 -0.236150 0.215863
3 4 5 1 -0.895858 0.237835
3 5 0 1 -1.024047 -0.946751
3 5 1 1 0.406462 -0.750378
3 5 2 1 0.341591 -0.586271
3 5 3 1 0.479456 -0.862587
3 5 4 1 0.406839 0.557435
3 5 5 1 -0.176921 0.585610
4 0 0 1 0.864767 -0.756320
4 0 1 1 0.137249 -0.145633
4 0 2 1 -0.311829 -0.073552
4 0 3 1 0.614474 -1.517920
4 0 4 1 -0.000436 -0.844293
4 0 5 1 -0.749800 -0.151929
4 1 0 1 -0.375048 0.034995
4 1 1 1 0.048029 -0.042738
4 1 2 1 0.765809 0.207015
4 1 3 1 -0.127366 0.331529
4 1 4 1 0.141440 -0.645133
4 1 5 1 0.751937 0.009715
4 2 0 1 0.319890 0.957802
4 2 1 1 1.591618 0.015957
4 2 2 1 1.211531 -0.345752
4 2 3 1 1.236277 0.105593
4 2 4 1 0.088405 -0.066733
4 2 5 1 1.310011 1.221156
4 3 0 1 1.136677 0.731879
4 3 1 1 -0.190832 0.103002
4 3 2 1 -0.108415 -0.184897
4 3 3 1 0.035011 0.612643
4 3 4 1 1.049328 0.488712
4 3 5 1 0.869866 -0.363286
4 4 0 1 -0.273263 -0.702723
4 4 1 1 0.282068 -0.326654
4 4 2 1 -0.037350 0.663664
4 4 3 1 -1.045586 -0.482116
4 4 4 1 1.039340 0.970988
4 4 5 1 -0.563900 -0.185561
4 5 0 1 0.312811 -0.446774
4 5 1 1 -0.189929 0.729115
4 5 2 1 0.603277 0.275054
4 5 3 1 -0.939559 -0.722530
4 5 4 1 -1.279049 -0.097878
4 5 5 1 -0.510529 -1.061627
5 0 0 1 -0.233495 -0.828329
5 0 1 1 -0.391923 -0.901410
5 0 2 1 0.541851 -1.060586
5 0 3 1 1.098936 0.202664
5 0 4 1 0.422350 -0.891895
5 0 5 1 -0.468976 0.158579
5 1 0 1 -0.153591 -0.412602
5 1 1 1 0.873753 -0.675623
5 1 2 1 0.840655 1.089585
5 1 3 1 0.627002 -0.413933
5 1 4 1 -0.047205 -1.282963
5 1 5 1 0.495046 0.557201
5 2 0 1 1.011213 0.269819
5 2 1 1 1.269747 -0.745294
5 2 2 1 1.045204 0.198993
5 2 3 1 1.646703 -0.371595
5 2 4 1 0.756721 -1.221207
5 2 5 1 0.295970 1.112843
5 3 0 1 0.153341 0.270477
5 3 1 1 1.208574 0.727616
5 3 2 1 0.659563 -0.419478
5 3 3 1 0.268157 -0.520149
5 3 4 1 1.660024 -0.364611
5 3 5 1 0.912493 0.960417
5 4 0 1 0.930173 -0.151068
5 4 1 1 0.014227 -0.333736
5 4 2 1 0.367768 0.919978
5 4 3 1 0.549408 -0.479761
5 4 4 1 0.912553 -0.513659
5 4 5 1 0.880268 -0.188517
5 5 0 1 -0.187135 -0.066439
5 5 1 1 -0.114404 1.076361
5 5 2 1 0.896058 -0.239964
5 5 3 1 0.804958 -0.495613
5 5 4 1 0.723590 -0.258634
5 5 5 1 0.293635 -0.710302
0 0 0 2 0.611201 0.350504
0 0 1 2 0.460870 -0.080140
0 0 2 2 0.197155 -0.406385
0 0 3 2 1.279749 -0.698494
0 0 4 2 -1.101681 0.315996
0 0 5 2 -0.292156 0.898270
0 1 0 2 0.634493 -0.455549
0 1 1 2 -0.412756 -0.617098
0 1 2 2 -0.620578 -0.260413
0 1 3 2 -0.561637 -0.510562
0 1 4 2 0.092857 -0.107460
0 1 5 2 -0.603024 0.255246
0 2 0 2 0.408375 0.404311
0 2 1 2 -0.424657 0.898669
0 2 2 2 -1.148180 0.152889
0 2 3 2 -0.797159 0.346102
0 2 4 2 -0.732395 0.019051
0 2 5 2 -0.295921 0.200676
0 3 0 2 1.389752 0.636402
0 3 1 2 0.781867 0.488077
0 3 2 2 -0.207848 0.034754
0 3 3 2 0.631990 0.614414
0 3 4 2 0.927158 0.990357
0 3 5 2 0.249284 0.045813
0 4 0 2 -0.012483 1.047810
0 4 1 2 0.301293 0.428768
0 4 2 2 -0.345534 0.395296
0 4 3 2 0.813006 0.327960
0 4 4 2 0.737063 -0.442834
0 4 5 2 0.598999 0.140043
0 5 0 2 0.695714 0.806732
0 5 1 2 -0.285016 -0.418707
0 5 2 2 -0.065926 -0.185395
0 5 3 2 0.561114 0.354512
0 5 4 2 1.388752 0.556267
0 5 5 2 0.231778 1.159652
1 0 0 2 0.525012 -0.048992
1 0 1 2 -0.295526 1.584631
1 0 2 2 0.019941 -1.035604
1 0 3 2 1.303081 -0.090630
1 0 4 2 0.089634 0.137862
1 0 5 2 1.502076 -0.145202
1 1 0 2 0.589488 0.893769
1 1 1 2 -0.538603 0.835183
1 1 2 2 -0.771857 -0.835235
1 1 3 2 0.979318 -0.385368
1 1 4 2 0.923607 -0.285887
1 1 5 2 -0.037512 0.296669
1 2 0 2 0.096487 -0.199091
1 2 1 2 -0.572421 1.003923
1 2 2 2 -0.193948 0.430325
1 2 3 2 0.486645 0.102039
1 2 4 2 -0.433139 -0.807700
1 2 5 2 0.522935 1.800136
1 3 0 2 0.140166 -0.557794
1 3 1 2 0.077200 0.902854
1 3 2 2 0.686237 0.156382
1 3 3 2 0.578453 -0.871400
1 3 4 2 0.121284 0.180053
1 3 5 2 0.089367 0.576520
1 4 0 2 0.721894 -1.273630
1 4 1 2 -0.073619 0.998465
1 4 2 2 -0.583305 0.114130
1 4 3 2 0.692991 0.982229
1 4 4 2 -0.112597 0.634836
1 4 5 2 -1.027944 -0.542100
1 5 0 2 0.640282 -1.594531
1 5 1 2 -0.169476 0.603066
1 5 2 2 -0.714105 0.730314
1 5 3 2 -0.115389 1.176460
1 5 4 2 0.286250 1.079592
1 5 5 2 1.334050 -0.509353
2 0 0 2 0.959242 0.259177
2 0 1 2 -0.590484 0.452400
2 0 2 2 -0.258169 -0.527759
2 0 3 2 -0.144592 0.312039
2 0 4 2 -0.788091 -0.483323
2 0 5 2 0.534073 0.463531
2 1 0 2 -1.345932 0.774384
2 1 1 2 -1.208032 0.718332
2 1 2 2 0.914625 -0.444262
2 1 3 2 -0.682971 0.682762
2 1 4 2 -0.684537 0.571769
2 1 5 2 -0.460264 0.633800
2 2 0 2 0.666820 0.305027
2 2 1 2 -0.987220 -1.442464
2 2 2 2 -0.816842 0.095496
2 2 3 2 -0.766971 1.137580
2 2 4 2 0.475680 1.025328
2 2 5 2 0.420001 -0.023557
2 3 0 2 0.542057 -0.431802
2 3 1 2 0.335856 -0.101448
2 3 2 2 -0.554543 -0.007134
2 3 3 2 0.251971 0.448530
2 3 4 2 0.669881 -0.984143
2 3 5 2 -0.511882 0.697944
2 4 0 2 1.172730 -0.376167
2 4 1 2 0.373192 1.393534
2 4 2 2 0.264300 -0.089563
2 4 3 2 -0.756174 1.017651
2 4 4 2 -0.102176 0.774604
2 4 5 2 -1.525041 -0.367856
2 5 0 2 1.239126 1.264920
2 5 1 2 -0.226290 0.810393
2 5 2 2 -0.166705 -0.241961
2 5 3 2 -0.507282 0.602426
2 5 4 2 -0.354173 -0.494050
2 5 5 2 -0.067705 0.367435
3 0 0 2 -0.559459 -0.552641
3 0 1 2 0.251987 0.593854
3 0 2 2 0.757927 -0.097300
3 0 3 2 0.242370 -0.244953
3 0 4 2 -1.144869 1.210198
3 0 5 2 1.018879 -0.416431
3 1 0 2 -0.048723 0.263128
3 1 1 2 0.142652 1.264620
3 1 2 2 0.705855 1.821794
3 1 3 2 0.219146 1.370269
3 1 4 2 0.443268 0.921907
3 1 5 2 1.508884 -0.444289
3 2 0 2 1.443924 -0.030260
3 2 1 2 0.970567 0.663393
3 2 2 2 0.865507 0.652853
3 2 3 2 0.072842 1.000140
3 2 4 2 0.450648 0.605945
3 2 5 2 0.916897 0.713499
3 3 0 2 1.030454 -0.195576
3 3 1 2 -0.373277 -0.179878
3 3 2 2 -0.385664 0.743094
3 3 3 2 -0.543300 0.306277
3 3 4 2 0.080369 0.779362
3 3 5 2 -0.735037 -0.788474
3 4 0 2 -0.917225 -0.346201
3 4 1 2 0.956238 0.656234
3 4 2 2 0.629823 -0.112137
3 4 3 2 -0.847986 0.212354
3 4 4 2 -0.620463 0.475861
3 4 5 2 -0.058027 -0.190211
3 5 0 2 0.306963 0.264134
3 5 1 2 -0.583171 -1.732900
3 5 2 2 0.763535 -0.764783
3 5 3 2 0.053711 -0.064949
3 5 4 2 0.450102 1.072252
3 5 5 2 0.488970 -0.105167
4 0 0 2 -0.061618 -0.028840
4 0 1 2 0.010056 0.777240
4 0 2 2 0.170763 -0.191094
4 0 3 2 -0.587525 0.138458
4 0 4 2 0.377351 0.000803
4 0 5 2 1.481129 -0.858466
4 1 0 2 0.583350 0.493164
4 1 1 2 -0.347576 0.812616
4 1 2 2 -0.188079 0.466259
4 1 3 2 -0.205312 0.149611
4 1 4 2 -0.262144 -1.137367
4 1 5 2 0.936693 -0.481051
4 2 0 2 0.372597 1.218969
4 2 1 2 0.514035 -0.207271
4 2 2 2 1.036798 0.412042
4 2 3 2 0.282181 0.003616
4 2 4 2 1.666780 0.398249
4 2 5 2 0.242189 0.372082
4 3 0 2 1.395275 0.719973
4 3 1 2 0.141803 -1.453623
4 3 2 2 -0.077457 -0.999125
4 3 3 2 0.714691 -0.824866
4 3 4 2 1.226114 -0.262060
4 3 5 2 -0.435210 -0.950650
4 4 0 2 0.606813 -0.331023
4 4 1 2 -0.717116 0.216882
4 4 2 2 -1.058634 0.235092
4 4 3 2 -0.999343 -0.480247
4 4 4 2 0.621698 0.473359
4 4 5 2 -1.192909 -0.641975
4 5 0 2 0.994406 -0.351281
4 5 1 2 -0.371267 0.398654
4 5 2 2 0.633667 1.201720
4 5 3 2 0.067265 -0.728261
4 5 4 2 -1.122123 1.022238
4 5 5 2 -0.144023 -0.803020
5 0 0 2 -0.269585 0.684728
5 0 1 2 0.554276 -0.189233
5 0 2 2 0.124428 0.265379
5 0 3 2 0.982138 0.180244
5 0 4 2 1.497882 -0.410559
5 0 5 2 0.022722 0.449415
5 1 0 2 0.143480 1.276003
5 1 1 2 0.527405 0.326450
5 1 2 2 -0.967512 -0.240456
5 1 3 2 0.878522 0.953708
5 1 4 2 1.026385 -0.405653
5 1 5 2 -0.301828 -0.607055
5 2 0 2 0.634312 0.912584
5 2 1 2 0.221995 -0.473016
5 2 2 2 0.631102 0.962281
5 2 3 2 0.227402 0.191726
5 2 4 2 0.208556 -0.493117
5 2 5 2 1.201648 0.794874
5 3 0 2 0.691612 -0.073797
5 3 1 2 1.175074 -0.273429
5 3 2 2 1.072382 1.266822
5 3 3 2 0.428940 0.146641
5 3 4 2 1.050960 -0.194960
5 3 5 2 -0.260580 0.828017
5 4 0 2 0.525650 0.312364
5 4 1 2 1.493240 -0.565983
5 4 2 2 0.858264 -0.699074
5 4 3 2 0.231487 -0.530301
5 4 4 2 1.285885 1.299906
5 4 5 2 0.606485 -0.368476
5 5 0 2 0.158049 -0.168318
5 5 1 2 0.418002 0.160108
5 5 2 2 -0.877990 0.347619
5 5 3 2 0.402078 -0.606008
5 5 4 2 -0.214072 -0.539916
5 5 5 2 -0.717734 -0.192988
0 0 0 3 -0.092306 0.185423
0 0 1 3 -0.806311 -0.409633
0 0 2 3 -0.173511 0.022454
0 0 3 3 0.434218 0.926137
0 0 4 3 -0.027198 0.007199
0 0 5 3 -0.010634 -1.157134
0 1 0 3 -0.143162 -0.652447
0 1 1 3 -0.331112 -0.380840
0 1 2 3 -0.587717 -1.112942
0 1 3 3 0.018057 1.096601
0 1 4 3 -0.129150 0.711745
0 1 5 3 0.429737 0.241733
0 2 0 3 0.724058 0.908758
0 2 1 3 0.026648 0.605606
0 2 2 3 -0.967976 -0.066650
0 2 3 3 0.264372 0.972862
0 2 4 3 0.097384 0.443516
0 2 5 3 0.031279 0.938740
0 3 0 3 -0.980507 -0.234710
0 3 1 3 -0.550659 -0.748442
0 3 2 3 0.275665 -0.587782
0 3 3 3 0.209773 -0.080442
0 3 4 3 0.307680 0.156750
0 3 5 3 -0.316191 0.884314
0 4 0 3 -0.802114 0.005411
0 4 1 3 0.008337 -0.182828
0 4 2 3 0.621902 -0.030633
0 4 3 3 0.543371 0.152131
0 4 4 3 0.394502 -0.253080
0 4 5 3 -0.528945 1.082093
0 5 0 3 0.608383 0.396137
0 5 1 3 1.124650 -0.435213
0 5 2 3 0.045237 -0.050578
0 5 3 3 0.768961 -0.401156
0 5 4 3 0.553994 -0.338131
0 5 5 3 0.320755 -0.490682
1 0 0 3 -0.174790 0.913258
1 0 1 3 0.985320 -0.079262
1 0 2 3 0.254659 -1.288224
1 0 3 3 0.677980 0.883691
1 0 4 3 0.922795 0.589326
1 0 5 3 -0.101333 0.376717
1 1 0 3 -1.081303 0.761532
1 1 1 3 -1.143592 0.395236
1 1 2 3 -0.871174 0.919240
1 1 3 3 1.522595 1.264254
1 1 4 3 0.733193 0.370658
1 1 5 3 -0.210576 -0.570937
1 2 0 3 -0.580716 -0.425818
1 2 1 3 0.435261 1.452164
1 2 2 3 -0.119583 0.758411
1 2 3 3 1.017893 0.160420
1 2 4 3 0.687855 0.009784
1 2 5 3 -0.185521 0.672238
1 3 0 3 -0.234645 -1.290552
1 3 1 3 -0.267931 1.030121
1 3 2 3 0.950682 -0.507436
1 3 3 3 0.094316 1.240713
1 3 4 3 -0.066368 0.482068
1 3 5 3 0.086245 0.811151
1 4 0 3 0.903477 -0.424533
1 4 1 3 0.236086 -0.092433
1 4 2 3 -0.237706 -1.314874
1 4 3 3 -0.496246 0.295104
1 4 4 3 -0.521750 -1.189082
1 4 5 3 0.693092 0.731197
1 5 0 3 1.317261 -0.642325
1 5 1 3 -0.697495 -0.647916
1 5 2 3 -0.741142 0.408342
1 5 3 3 -0.196332 0.463920
1 5 4 3 0.381560 -0.245506
1 5 5 3 1.648293 -0.423003
2 0 0 3 -0.241816 -0.283677
2 0 1 3 -0.951479 -0.112996
2 0 2 3 0.310104 -0.536085
2 0 3 3 -1.363882 0.788273
2 0 4 3 0.164799 0.427486
2 0 5 3 0.339883 0.261730
2 1 0 3 0.007621 -0.271183
2 1 1 3 0.047922 -0.230296
2 1 2 3 -0.551730 0.272433
2 1 3 3 0.232267 0.984264
2 1 4 3 0.215758 0.096654
2 1 5 3 0.850373 0.098526
2 2 0 3 -1.261359 -0.846247
2 2 1 3 0.318885 -0.702838
2 2 2 3 -0.020597 0.315831
2 2 3 3 0.877876 0.743112
2 2 4 3 0.495196 0.820205
2 2 5 3 1.078051 0.873961
2 3 0 3 -1.206665 0.314679
2 3 1 3 -0.203178 -1.378377
2 3 2 3 -1.472103 -0.587367
2 3 3 3 0.706247 0.878803
2 3 4 3 0.475809 0.133648
2 3 5 3 0.186126 0.916546
2 4 0 3 -0.787739 -0.731872
2 4 1 3 0.274010 0.064088
2 4 2 3 0.580414 -0.829827
2 4 3 3 0.115218 0.074452
2 4 4 3 0.607819 0.767550
2 4 5 3 -1.038562 0.275759
2 5 0 3 -0.179485 0.826846
2 5 1 3 -0.547695 1.079524
2 5 2 3 0.542045 -1.490253
2 5 3 3 0.789380 0.777343
2 5 4 3 -0.048370 -1.019222
2 5 5 3 0.272677 -0.152073
3 0 0 3 0.881760 -0.635081
3 0 1 3 1.176130 -0.801357
3 0 2 3 1.100389 -0.292286
3 0 3 3 0.928049 0.275669
3 0 4 3 -0.079417 -0.797710
3 0 5 3 -0.014306 -0.376569
3 1 0 3 0.340592 0.909055
3 1 1 3 0.557042 0.370241
3 1 2 3 0.436386 0.484636
3 1 3 3 -0.027412 0.411516
3 1 4 3 0.705618 -0.032670
3 1 5 3 0.684704 0.350312
3 2 0 3 0.731711 -0.120223
3 2 1 3 0.880650 0.367264
3 2 2 3 1.057335 0.954529
3 2 3 3 -0.136486 0.692525
3 2 4 3 -0.374876 1.121220
3 2 5 3 0.894872 0.297322
3 3 0 3 0.509616 -0.146240
3 3 1 3 0.155048 1.060104
3 3 2 3 0.482523 0.492102
3 3 3 3 -0.812141 0.536946
3 3 4 3 -0.295432 0.205464
3 3 5 3 0.670174 0.666137
3 4 0 3 -0.163555 -0.457106
3 4 1 3 0.203503 0.405493
3 4 2 3 -0.682628 0.582752
3 4 3 3 -0.898096 -0.357540
3 4 4 3 -0.739753 -0.016394
3 4 5 3 -0.370847 0.328420
3 5 0 3 0.710789 -0.448764
3 5 1 3 -0.187987 -1.506668
3 5 2 3 0.312753 0.453807
3 5 3 3 -0.188459 -0.080434
3 5 4 3 -1.116356 -0.037510
3 5 5 3 0.141363 0.276071
4 0 0 3 -1.535144 -0.308882
4 0 1 3 1.438869 0.253998
4 0 2 3 0.307833 0.753517
4 0 3 3 0.452840 -0.529171
4 0 4 3 1.016507 0.259550
4 0 5 3 0.739724 0.711041
4 1 0 3 -0.006496 1.514744
4 1 1 3 -0.400164 0.308923
4 1 2 3 0.340774 -0.863630
4 1 3 3 -0.024597 -0.000453
4 1 4 3 0.282584 0.363719
4 1 5 3 1.059844 0.921033
4 2 0 3 0.168493 0.819892
4 2 1 3 0.018496 -0.779343
4 2 2 3 0.512695 -0.779510
4 2 3 3 1.489565 0.553541
4 2 4 3 0.928052 0.106847
4 2 5 3 0.898777 -0.136811
4 3 0 3 -0.184707 0.034083
4 3 1 3 0.299928 -0.747666
4 3 2 3 1.031103 0.103471
4 3 3 3 0.638345 0.694513
4 3 4 3 -0.015276 0.543921
4 3 5 3 0.266056 0.775054
4 4 0 3 1.254373 0.182355
4 4 1 3 0.756766 0.569949
4 4 2 3 1.059953 0.248594
4 4 3 3 1.124521 0.388387
4 4 4 3 -0.743675 1.041170
4 4 5 3 0.369591 -0.743649
4 5 0 3 0.727367 -0.223054
4 5 1 3 1.180858 1.039771
4 5 2 3 -0.248300 0.652850
4 5 3 3 0.101332 0.697595
4 5 4 3 0.222757 0.644214
4 5 5 3 0.188470 0.100028
5 0 0 3 0.020504 0.476503
5 0 1 3 0.919478 0.956766
5 0 2 3 0.889295 0.830794
5 0 3 3 0.421262 0.663762
5 0 4 3 0.848317 0.075961
5 0 5 3 -0.527448 -0.288251
5 1 0 3 -0.662978 1.407374
5 1 1 3 1.598116 0.508794
5 1 2 3 0.718014 0.651499
5 1 3 3 0.911177 1.404333
5 1 4 3 0.060786 -0.935144
5 1 5 3 -0.527060 0.383816
5 2 0 3 0.006269 1.685862
5 2 1 3 -0.680423 -0.297495
5 2 2 3 -0.046388 0.514090
5 2 3 3 0.981258 0.832381
5 2 4 3 -0.050991 -0.265628
5 2 5 3 -1.332789 0.421742
5 3 0 3 -0.499633 0.582519
5 3 1 3 1.134722 -0.217646
5 3 2 3 0.619417 0.396412
5 3 3 3 0.545894 0.481704
5 3 4 3 0.088150 0.770706
5 3 5 3 0.559760 1.149059
5 4 0 3 0.449840 1.004474
5 4 1 3 1.004565 -0.363186
5 4 2 3 0.691414 -0.475131
5 4 3 3 0.384485 0.330560
5 4 4 3 1.590944 -0.208512
5 4 5 3 0.150753 1.448976
5 5 0 3 0.187262 -0.656796
5 5 1 3 0.771328 0.995062
5 5 2 3 0.021655 1.410699
5 5 3 3 0.891766 -0.692063
5 5 4 3 1.268268 -0.483526
5 5 5 3 0.726744 1.378783
0 0 0 4 0.873780 -0.457437
0 0 1 4 0.966164 0.842222
0 0 2 4 -0.560087 0.217735
0 0 3 4 0.957034 1.136268
0 0 4 4 0.538885 1.116431
0 0 5 4 -0.148470 0.519168
0 1 0 4 0.707148 -0.166311
0 1 1 4 -0.460735 0.082138
0 1 2 4 -0.747836 -0.194646
0 1 3 4 1.628931 1.101627
0 1 4 4 0.276083 1.626980
0 1 5 4 0.148813 0.042917
0 2 0 4 0.945893 1.222379
0 2 1 4 0.838041 0.396140
0 2 2 4 -1.022471 -0.665353
0 2 3 4 -0.709309 -0.683860
0 2 4 4 -0.276833 0.837101
0 2 5 4 -1.038096 0.036075
0 3 0 4 0.354525 0.300374
0 3 1 4 0.205305 -1.003885
0 3 2 4 0.434469 -0.285192
0 3 3 4 -0.075089 -0.250324
0 3 4 4 0.644835 -1.118321
0 3 5 4 0.119463 0.436823
0 4 0 4 0.481874 1.100194
0 4 1 4 0.447078 0.450610
0 4 2 4 0.073698 1.248092
0 4 3 4 0.617349 1.020825
0 4 4 4 1.052843 -0.466652
0 4 5 4 -0.197252 0.356565
0 5 0 4 -1.066716 0.600519
0 5 1 4 0.251804 1.598567
0 5 2 4 -0.352701 0.078285
0 5 3 4 0.299383 -0.137674
0 5 4 4 1.246095 0.477319
0 5 5 4 -1.076233 0.327986
1 0 0 4 0.518193 0.417335
1 0 1 4 -0.227535 -1.209444
1 0 2 4 -0.261081 -0.238550
1 0 3 4 0.881977 0.601206
1 0 4 4 0.750796 0.442010
1 0 5 4 0.147101 0.457000
1 1 0 4 1.624197 0.249134
1 1 1 4 -0.689566 0.154593
1 1 2 4 -1.281677 0.356336
1 1 3 4 -0.399437 0.805905
1 1 4 4 0.897928 0.618118
1 1 5 4 -0.283250 0.197562
1 2 0 4 1.190492 -0.482120
1 2 1 4 0.408207 -0.388632
1 2 2 4 -0.059065 0.692100
1 2 3 4 1.105108 0.114536
1 2 4 4 0.165155 0.502332
1 2 5 4 -0.293736 1.042281
1 3 0 4 1.493943 -0.284341
1 3 1 4 -0.912318 -0.116868
1 3 2 4 -1.026341 -0.313349
1 3 3 4 -0.430194 0.391456
1 3 4 4 0.129673 0.289575
1 3 5 4 0.221888 -1.038146
1 4 0 4 0.028583 -0.335313
1 4 1 4 -0.978591 -0.494154
1 4 2 4 -1.217047 -0.867320
1 4 3 4 0.311580 -1.034404
1 4 4 4 -0.867635 -0.586470
1 4 5 4 -0.241041 -0.281679
1 5 0 4 -0.010783 -0.650671
1 5 1 4 -0.957348 -0.500162
1 5 2 4 -0.661212 -0.774482
1 5 3 4 -0.545214 0.488625
1 5 4 4 -0.737521 -0.458435
1 5 5 4 -0.472752 0.445183
2 0 0 4 -1.221585 0.233573
2 0 1 4 -0.991701 0.132048
2 0 2 4 -1.513443 -0.347349
2 0 3 4 -1.008257 0.525869
2 0 4 4 -0.725441 0.483965
2 0 5 4 -0.080319 0.121622
2 1 0 4 0.163964 -0.991532
2 1 1 4 -0.959707 0.750164
2 1 2 4 -0.795902 0.359711
2 1 3 4 -0.129994 0.985540
2 1 4 4 0.040704 -0.101539
2 1 5 4 -0.128645 0.427044
2 2 0 4 -0.708439 -0.572706
2 2 1 4 1.028591 -0.060952
2 2 2 4 0.564115 1.157461
2 2 3 4 1.087799 -0.246404
2 2 4 4 0.553806 0.372589
2 2 5 4 -0.785668 1.194005
2 3 0 4 -0.068260 0.803843
2 3 1 4 -0.764410 1.003227
2 3 2 4 -1.661050 0.286006
2 3 3 4 0.860967 0.381296
2 3 4 4 -0.716906 1.080699
2 3 5 4 -0.217323 0.872510
2 4 0 4 0.184084 -0.108148
2 4 1 4 -0.347372 0.890058
2 4 2 4 -0.078446 0.997827
2 4 3 4 -0.932626 0.329188
2 4 4 4 0.526237 0.245452
2 4 5 4 -1.150877 -1.257774
2 5 0 4 0.280022 0.225755
2 5 1 4 0.195195 0.840242
2 5 2 4 0.760580 0.117574
2 5 3 4 -0.799873 -0.601008
2 5 4 4 0.260975 -0.283747
2 5 5 4 -0.489422 0.555344
3 0 0 4 -0.360005 -0.462370
3 0 1 4 -0.271542 0.235079
3 0 2 4 -0.764208 -0.460108
3 0 3 4 -0.553815 -0.573803
3 0 4 4 -0.074321 0.736051
3 0 5 4 -0.696684 0.297709
3 1 0 4 0.295754 0.013252
3 1 1 4 -0.351439 0.662643
3 1 2 4 -0.283455 -0.501047
3 1 3 4 -0.196123 -0.400639
3 1 4 4 0.671318 -0.662677
3 1 5 4 -0.326492 0.405481
3 2 0 4 -0.302375 -0.341576
3 2 1 4 1.084774 0.543268
3 2 2 4 0.013625 0.335922
3 2 3 4 -0.316018 -0.618419
3 2 4 4 -0.385103 0.133062
3 2 5 4 0.742707 0.776574
3 3 0 4 -0.340930 0.603399
3 3 1 4 -0.800173 0.645570
3 3 2 4 -0.978084 -1.073569
3 3 3 4 -0.391062 0.066602
3 3 4 4 -0.603171 1.279456
3 3 5 4 0.318351 1.031399
3 4 0 4 -0.427283 0.588057
3 4 1 4 -0.446184 0.443687
3 4 2 4 -0.745585 0.083793
3 4 3 4 -0.361982 0.258660
3 4 4 4 0.481863 0.066243
3 4 5 4 0.342149 0.515064
3 5 0 4 0.646007 0.289864
3 5 1 4 -1.029727 0.930548
3 5 2 4 -0.517634 0.188416
3 5 3 4 0.447825 0.822889
3 5 4 4 0.974530 -0.074655
3 5 5 4 0.075268 -1.501554
4 0 0 4 0.936250 0.303027
4 0 1 4 -0.123169 0.479895
4 0 2 4 -0.427791 -0.136108
4 0 3 4 -0.182287 0.002455
4 0 4 4 0.344407 0.858821
4 0 5 4 0.369895 1.182875
4 1 0 4 0.623985 -0.245678
4 1 1 4 -0.797238 -0.111911
4 1 2 4 0.261544 0.492082
4 1 3 4 0.635542 0.762684
4 1 4 4 1.624273 0.179974
4 1 5 4 0.212903 0.532755
4 2 0 4 0.879657 -0.763467
4 2 1 4 -0.758059 -0.353172
4 2 2 4 0.066923 0.287044
4 2 3 4 1.129868 0.018852
4 2 4 4 0.554011 0.294957
4 2 5 4 -0.307783 1.156131
4 3 0 4 0.182416 0.416171
4 3 1 4 -0.350875 0.361190
4 3 2 4 0.014402 0.259634
4 3 3 4 0.272529 0.590729
4 3 4 4 -0.975691 -0.088807
4 3 5 4 0.205242 0.938044
4 4 0 4 0.380618 1.193789
4 4 1 4 1.285571 0.760756
4 4 2 4 0.937965 0.242147
4 4 3 4 0.461996 0.221430
4 4 4 4 0.288868 -0.322212
4 4 5 4 1.088420 0.318431
4 5 0 4 -0.671422 0.636724
4 5 1 4 0.141159 0.731856
4 5 2 4 1.023232 0.025387
4 5 3 4 0.660636 -0.488259
4 5 4 4 -0.371553 -0.885781
4 5 5 4 1.122766 -0.365174
5 0 0 4 0.565541 0.059336
5 0 1 4 0.987715 -0.369792
5 0 2 4 -1.011907 0.959546
5 0 3 4 -0.251340 1.234003
5 0 4 4 1.238721 0.686548
5 0 5 4 0.198499 1.579243
5 1 0 4 0.902558 1.051217
5 1 1 4 0.689058 -0.024707
5 1 2 4 -0.403585 1.022204
5 1 3 4 0.022886 1.145021
5 1 4 4 -0.464615 -1.040406
5 1 5 4 0.724587 -0.028246
5 2 0 4 0.730367 0.999583
5 2 1 4 -1.514205 0.245599
5 2 2 4 -0.032111 0.395984
5 2 3 4 0.485655 0.854153
5 2 4 4 -0.042756 0.301699
5 2 5 4 -0.126383 -0.453594
5 3 0 4 -0.381102 0.767050
5 3 1 4 -0.083816 -0.044298
5 3 2 4 -0.612760 -0.444719
5 3 3 4 1.312776 0.626219
5 3 4 4 0.663571 0.573498
5 3 5 4 -0.426634 0.502981
5 4 0 4 0.053627 0.688353
5 4 1 4 1.480794 0.099899
5 4 2 4 0.776122 0.171613
5 4 3 4 0.381597 1.434268
5 4 4 4 0.016735 -0.086737
5 4 5 4 -0.076252 0.949253
5 5 0 4 -0.368155 -0.086571
5 5 1 4 1.386305 0.904786
5 5 2 4 0.478861 0.396803
5 5 3 4 1.020710 0.849846
5 5 4 4 0.571655 -0.908609
5 5 5 4 -0.345159 0.182103
0 0 0 5 -0.428082 -1.227184
0 0 1 5 -0.013642 -0.547228
0 0 2 5 0.422478 0.402234
0 0 3 5 -0.756213 0.465643
0 0 4 5 0.270206 1.120698
0 0 5 5 -0.403841 -0.070091
0 1 0 5 0.986595 0.468862
0 1 1 5 0.169294 -1.289543
0 1 2 5 0.447431 0.857639
0 1 3 5 0.427693 -0.242564
0 1 4 5 0.119973 -0.010908
0 1 5 5 1.172114 0.475202
0 2 0 5 0.343372 -0.960259
0 2 1 5 -0.938930 -0.040040
0 2 2 5 -1.652666 -0.577250
0 2 3 5 -0.695383 -1.271589
0 2 4 5 -0.765248 0.416708
0 2 5 5 -0.595698 -0.941344
0 3 0 5 0.218427 -0.141780
0 3 1 5 -0.062870 -0.742038
0 3 2 5 -0.016458 -0.731574
0 3 3 5 0.503142 -0.285226
0 3 4 5 -0.433981 -0.408444
0 3 5 5 0.143020 0.692476
0 4 0 5 -0.195636 -0.594792
0 4 1 5 0.524439 -0.505910
0 4 2 5 0.589717 -0.208574
0 4 3 5 0.121865 1.074839
0 4 4 5 0.655355 -0.778774
0 4 5 5 0.099785 -0.842091
0 5 0 5 -0.395444 -0.707125
0 5 1 5 0.917041 -0.049077
0 5 2 5 -0.199591 0.642908
0 5 3 5 -0.307403 1.087193
0 5 4 5 0.706557 -0.807314
0 5 5 5 -0.139599 -1.272394
1 0 0 5 -0.191524 0.111912
1 0 1 5 -0.649008 -0.236515
1 0 2 5 -0.946378 1.152598
1 0 3 5 0.643201 0.076239
1 0 4 5 0.735404 -0.162359
1 0 5 5 -0.621343 0.699694
1 1 0 5 0.593671 0.577162
1 1 1 5 0.566888 -0.674797
1 1 2 5 -1.396587 -0.524902
1 1 3 5 0.088626 -1.602191
1 1 4 5 1.127035 0.853158
1 1 5 5 -0.501318 0.909555
1 2 0 5 0.402717 -1.156918
1 2 1 5 0.160376 0.317701
1 2 2 5 -1.447212 0.132111
1 2 3 5 0.275866 -0.680125
1 2 4 5 0.515467 -0.561100
1 2 5 5 0.492081 0.692197
1 3 0 5 0.229236 0.511234
1 3 1 5 0.036562 0.194297
1 3 2 5 -0.131055 -0.216339
1 3 3 5 -0.452587 0.510990
1 3 4 5 -1.401055 0.339368
1 3 5 5 0.682863 0.121203
1 4 0 5 0.037470 0.434989
1 4 1 5 0.208797 -1.262860
1 4 2 5 -0.029684 -1.759303
1 4 3 5 0.645970 -1.256116
1 4 4 5 -0.676138 -1.314709
1 4 5 5 1.233883 -0.075981
1 5 0 5 0.797690 -0.648117
1 5 1 5 -0.513529 0.322218
1 5 2 5 -0.429025 0.221439
1 5 3 5 -1.033184 0.804712
1 5 4 5 1.076730 -1.149313
1 5 5 5 0.894882 0.567639
2 0 0 5 -0.188831 -1.402822
2 0 1 5 -0.936219 -0.403489
2 0 2 5 0.495210 0.594336
2 0 3 5 -0.124040 -0.820639
2 0 4 5 -0.496771 -0.939027
2 0 5 5 0.389958 0.378748
2 1 0 5 -0.525099 -1.066215
2 1 1 5 -1.102423 -0.726293
2 1 2 5 0.260016 -1.460119
2 1 3 5 -0.482182 -0.426009
2 1 4 5 0.394004 -1.117501
2 1 5 5 -1.145476 0.156326
2 2 0 5 -1.128329 0.483695
2 2 1 5 1.189669 -0.722480
2 2 2 5 0.840208 -0.301874
2 2 3 5 0.545464 0.049105
2 2 4 5 -0.288755 0.418542
2 2 5 5 0.672422 0.230734
2 3 0 5 -0.912779 0.106832
2 3 1 5 -0.034923 0.523339
2 3 2 5 -0.914795 -0.024618
2 3 3 5 -0.050466 0.843217
2 3 4 5 -0.960006 0.107493
2 3 5 5 1.286632 -0.808184
2 4 0 5 0.053817 0.530427
2 4 1 5 0.665484 0.216046
2 4 2 5 0.089124 -0.318333
2 4 3 5 -0.288267 -0.922222
2 4 4 5 0.793683 -0.785038
2 4 5 5 0.690145 -0.831394
2 5 0 5 0.281640 -0.263806
2 5 1 5 0.571159 0.456985
2 5 2 5 0.439232 0.869955
2 5 3 5 -0.573272 1.326420
2 5 4 5 -0.224319 -0.490888
2 5 5 5 -0.698200 0.213469
3 0 0 5 -1.837388 -0.366238
3 0 1 5 -0.361848 0.442441
3 0 2 5 0.001372 -0.587890
3 0 3 5 -0.445647 -1.140811
3 0 4 5 0.220767 0.413456
3 0 5 5 -0.463542 0.841945
3 1 0 5 0.372540 0.186209
3 1 1 5 -0.836171 0.661567
3 1 2 5 -0.318256 -0.703665
3 1 3 5 -0.824714 0.180235
3 1 4 5 0.063252 -0.629336
3 1 5 5 -1.777575 0.037288
3 2 0 5 -0.016472 -0.685240
3 2 1 5 1.129415 0.378547
3 2 2 5 1.049442 0.231481
3 2 3 5 0.453635 -0.497489
3 2 4 5 1.253332 -0.045096
3 2 5 5 -0.043118 0.765480
3 3 0 5 -0.285697 -0.891723
3 3 1 5 -0.415850 -0.657739
3 3 2 5 -1.142175 -0.829109
3 3 3 5 -0.785477 -0.875914
3 3 4 5 -0.578908 0.443752
3 3 5 5 -1.680593 0.376982
3 4 0 5 0.737423 -0.178228
3 4 1 5 0.066383 -0.142196
3 4 2 5 -0.197512 -0.551137
3 4 3 5 -1.023166 -0.228863
3 4 4 5 -0.210296 -0.982310
3 4 5 5 0.258530 0.407907
3 5 0 5 0.888900 0.820251
3 5 1 5 0.544910 -0.244564
3 5 2 5 -0.959838 0.819735
3 5 3 5 -0.972651 1.006175
3 5 4 5 -0.242255 -0.580422
3 5 5 5 -0.575981 0.328036
4 0 0 5 1.261932 -0.180336
4 0 1 5 -0.310582 -0.380355
4 0 2 5 0.242112 -0.701491
4 0 3 5 0.589514 0.185138
4 0 4 5 1.069810 0.201788
4 0 5 5 0.186143 1.049145
4 1 0 5 -0.642946 0.746723
4 1 1 5 -0.240776 1.678091
4 1 2 5 -0.647930 0.976297
4 1 3 5 0.402959 -0.402444
4 1 4 5 1.009202 0.444073
4 1 5 5 -0.728771 -0.000160
4 2 0 5 0.201916 -1.245538
4 2 1 5 -1.069138 0.110748
4 2 2 5 -0.068011 0.497601
4 2 3 5 0.344451 0.485763
4 2 4 5 1.176910 0.286232
4 2 5 5 -0.098469 -0.633158
4 3 0 5 0.083025 1.298789
4 3 1 5 -0.857002 -0.635051
4 3 2 5 0.304474 -1.040663
4 3 3 5 -0.948423 -0.205714
4 3 4 5 0.268763 0.802506
4 3 5 5 -0.411683 1.291592
4 4 0 5 0.312646 -0.012229
4 4 1 5 0.374247 -1.383816
4 4 2 5 -1.083757 0.001043
4 4 3 5 -0.132516 -0.804774
4 4 4 5 -0.743601 -0.432822
4 4 5 5 -0.636513 0.628141
4 5 0 5 0.267783 0.840719
4 5 1 5 0.442862 -1.675901
4 5 2 5 -0.088531 0.492047
4 5 3 5 -1.139482 -0.087676
4 5 4 5 0.042956 0.180275
4 5 5 5 0.867909 -0.111180
5 0 0 5 -0.220157 1.235878
5 0 1 5 0.285112 1.370757
5 0 2 5 -1.041986 0.692206
5 0 3 5 0.318405 0.626987
5 0 4 5 0.271095 0.443328
5 0 5 5 0.509155 1.164944
5 1 0 5 0.696529 -0.096997
5 1 1 5 -0.712565 0.646763
5 1 2 5 -1.527041 1.004562
5 1 3 5 0.846607 -0.673157
5 1 4 5 0.826708 -0.119643
5 1 5 5 1.050742 0.031974
5 2 0 5 0.686907 0.359125
5 2 1 5 -0.635924 0.838498
5 2 2 5 -0.494309 -0.681077
5 2 3 5 0.365022 -1.473036
5 2 4 5 -0.474569 0.229174
5 2 5 5 0.709427 0.484983
5 3 0 5 0.786819 0.254290
5 3 1 5 -0.092950 -1.176365
5 3 2 5 -0.364959 -0.139367
5 3 3 5 -1.179595 0.487373
5 3 4 5 0.403522 -0.214605
5 3 5 5 -0.317132 0.661509
5 4 0 5 0.101615 -0.818523
5 4 1 5 1.221889 -0.085648
5 4 2 5 -0.003007 0.145664
5 4 3 5 0.090972 -0.734552
5 4 4 5 0.024888 0.139362
5 4 5 5 -0.611471 0.590178
5 5 0 5 0.708868 0.744573
5 5 1 5 1.385846 -0.280917
5 5 2 5 0.168936 -0.259988
5 5 3 5 0.618264 0.491881
5 5 4 5 1.228499 0.392294
5 5 5 5 1.358611 0.181227
0 0 0 6 0.355105 0.080102
0 0 1 6 -1.196147 -0.959929
0 0 2 6 -1.597182 0.105504
0 0 3 6 0.880888 0.542845
0 0 4 6 1.365047 0.287601
0 0 5 6 1.300061 0.517951
0 1 0 6 0.282873 -0.248063
0 1 1 6 -0.137863 -0.842692
0 1 2 6 -1.332542 -0.493223
0 1 3 6 -0.792118 0.397161
0 1 4 6 0.114689 1.248770
0 1 5 6 1.482275 -0.371167
0 2 0 6 -0.052958 0.970116
0 2 1 6 -1.068039 0.392235
0 2 2 6 -1.439705 0.480330
0 2 3 6 1.010725 -0.208412
0 2 4 6 0.389680 -0.156271
0 2 5 6 0.521015 0.026838
0 3 0 6 0.108485 1.650724
0 3 1 6 -0.691007 -0.494785
0 3 2 6 -0.384677 0.906809
0 3 3 6 -0.006061 -0.023559
0 3 4 6 -0.548754 0.714490
0 3 5 6 0.420824 -0.013152
0 4 0 6 0.901816 0.504553
0 4 1 6 0.661078 0.265886
0 4 2 6 0.090519 1.292633
0 4 3 6 1.228040 -0.343658
0 4 4 6 -0.032391 0.583422
0 4 5 6 -0.574205 0.008317
0 5 0 6 -1.050710 -0.091828
0 5 1 6 -0.387151 -1.155149
0 5 2 6 -0.802961 0.280089
0 5 3 6 0.596132 -1.143620
0 5 4 6 0.036822 0.265501
0 5 5 6 0.170417 -0.689385
1 0 0 6 0.394672 0.306185
1 0 1 6 0.013982 -0.974365
1 0 2 6 -0.693441 -0.468247
1 0 3 6 -0.110860 -0.428458
1 0 4 6 1.601303 0.476718
1 0 5 6 0.518477 0.608038
1 1 0 6 -0.454813 0.196202
1 1 1 6 -0.091508 0.080270
1 1 2 6 -0.484407 -0.091976
1 1 3 6 0.514414 0.335761
1 1 4 6 0.631011 0.604132
1 1 5 6 -0.527225 0.991594
1 2 0 6 0.026731 0.791707
1 2 1 6 0.781492 1.504400
1 2 2 6 -0.995101 0.675467
1 2 3 6 -0.103446 -1.276652
1 2 4 6 0.113380 -0.018852
1 2 5 6 -0.201983 1.382462
1 3 0 6 0.175339 -0.072338
1 3 1 6 0.325233 1.027979
1 3 2 6 0.699793 0.101937
1 3 3 6 -0.354127 -0.606754
1 3 4 6 -0.612823 0.303374
1 3 5 6 0.120471 -0.664238
1 4 0 6 0.779719 -1.020192
1 4 1 6 0.123716 0.666781
1 4 2 6 0.512746 -0.210097
1 4 3 6 0.232759 -0.040787
1 4 4 6 0.111261 1.067489
1 4 5 6 -0.822970 0.181922
1 5 0 6 -0.262028 0.716457
1 5 1 6 -0.773867 -0.383896
1 5 2 6 1.129909 0.233638
1 5 3 6 1.475115 -0.572934
1 5 4 6 0.027930 -1.092613
1 5 5 6 0.444234 0.119062
2 0 0 6 0.582873 0.529675
2 0 1 6 -0.491268 -1.335498
2 0 2 6 -0.383175 -0.138470
2 0 3 6 -0.772497 1.044858
2 0 4 6 0.559789 -0.026926
2 0 5 6 -0.254730 0.219793
2 1 0 6 -0.067187 0.272379
2 1 1 6 -1.398414 -0.571736
2 1 2 6 0.781366 -0.856501
2 1 3 6 0.760443 -0.725913
2 1 4 6 -0.140561 0.517440
2 1 5 6 -1.229033 0.455302
2 2 0 6 -0.927633 0.934253
2 2 1 6 0.753196 -0.223298
2 2 2 6 -0.016061 0.005587
2 2 3 6 -1.493669 -0.342329
2 2 4 6 0.380282 0.493598
2 2 5 6 1.089510 -0.228161
2 3 0 6 0.039092 0.936314
2 3 1 6 -0.243006 0.846527
2 3 2 6 -1.078438 0.489801
2 3 3 6 0.107422 0.611015
2 3 4 6 -1.092252 0.736509
2 3 5 6 0.482057 0.266030
2 4 0 6 -0.278475 1.040370
2 4 1 6 0.295187 0.073108
2 4 2 6 -1.167556 0.760626
2 4 3 6 -0.153540 -1.016484
2 4 4 6 0.479194 0.902665
2 4 5 6 0.263419 0.088938
2 5 0 6 -0.371535 0.991431
2 5 1 6 -0.328334 -0.133806
2 5 2 6 -0.085629 -0.053227
2 5 3 6 -0.245924 -0.123315
2 5 4 6 -0.208281 1.088206
2 5 5 6 0.236373 -0.294201
3 0 0 6 -1.002395 -0.327364
3 0 1 6 0.158518 -0.273502
3 0 2 6 -0.706313 1.641640
3 0 3 6 0.005051 0.098172
3 0 4 6 -0.214310 -0.757251
3 0 5 6 0.523092 -0.961789
3 1 0 6 -0.556222 -1.091865
3 1 1 6 -0.297369 0.287321
3 1 2 6 -0.141745 -0.294102
3 1 3 6 0.725407 0.313842
3 1 4 6 -0.436818 -1.036628
3 1 5 6 -0.580558 0.372091
3 2 0 6 0.078852 0.453272
3 2 1 6 -0.651662 -0.442639
3 2 2 6 -1.269557 -0.313434
3 2 3 6 -0.464725 0.428878
3 2 4 6 0.856413 0.233055
3 2 5 6 -0.052116 1.508472
3 3 0 6 -0.681261 0.096656
3 3 1 6 0.812080 -0.419828
3 3 2 6 -0.055669 -0.589125
3 3 3 6 -0.524707 -1.136835
3 3 4 6 -0.713014 0.167257
3 3 5 6 0.766633 1.429936
3 4 0 6 -0.563405 0.083916
3 4 1 6 -0.046585 0.511540
3 4 2 6 -1.327167 -0.364718
3 4 3 6 -0.696814 -0.655698
3 4 4 6 -0.437018 0.919131
3 4 5 6 -0.659663 -0.029144
3 5 0 6 0.512717 -0.937694
3 5 1 6 0.004999 0.025979
3 5 2 6 0.397633 0.758821
3 5 3 6 -0.795240 -0.846046
3 5 4 6 0.363588 0.841534
3 5 5 6 -0.199465 -0.208966
4 0 0 6 -0.635512 -0.981038
4 0 1 6 0.496331 -0.407412
4 0 2 6 0.704999 0.064913
4 0 3 6 -0.456006 0.285032
4 0 4 6 -0.250391 0.316422
4 0 5 6 -1.589376 0.286090
4 1 0 6 -0.059836 0.287156
4 1 1 6 1.186415 0.024417
4 1 2 6 0.793088 -0.512902
4 1 3 6 -0.683978 0.476016
4 1 4 6 -0.283011 -0.267851
4 1 5 6 -0.725394 0.146740
4 2 0 6 -0.335730 0.450164
4 2 1 6 -0.371343 0.689945
4 2 2 6 0.156025 -0.820980
4 2 3 6 -0.674872 -0.240300
4 2 4 6 -0.322603 -0.405272
4 2 5 6 0.349609 0.457821
4 3 0 6 -0.843948 1.325941
4 3 1 6 -0.151253 -0.901962
4 3 2 6 0.959135 -0.391374
4 3 3 6 -0.899735 -0.155326
4 3 4 6 -0.461528 -0.334099
4 3 5 6 -0.040137 0.090936
4 4 0 6 0.733711 0.893906
4 4 1 6 0.232324 0.761317
4 4 2 6 -0.715577 -0.364642
4 4 3 6 0.538970 0.888551
4 4 4 6 0.074258 0.259826
4 4 5 6 0.685473 0.166565
4 5 0 6 1.246762 -0.047382
4 5 1 6 0.436947 0.958098
4 5 2 6 0.139119 0.256138
4 5 3 6 -0.428105 0.020608
4 5 4 6 -0.681412 0.937878
4 5 5 6 -0.702193 -0.007369
5 0 0 6 -0.120571 -0.612281
5 0 1 6 0.527446 -1.155558
5 0 2 6 0.106573 0.744032
5 0 3 6 -0.406683 0.119554
5 0 4 6 -0.048251 0.641610
5 0 5 6 -0.260023 1.293367
5 1 0 6 -0.301151 -0.834110
5 1 1 6 1.046413 -1.173379
5 1 2 6 -0.388516 -0.150886
5 1 3 6 -1.300724 0.627472
5 1 4 6 -0.091819 -0.862280
5 1 5 6 -0.020217 0.144987
5 2 0 6 0.539078 0.821045
5 2 1 6 -0.807259 -0.144746
5 2 2 6 -0.323285 -0.874367
5 2 3 6 0.112532 0.621806
5 2 4 6 0.242796 0.345199
5 2 5 6 -1.434092 -0.395999
5 3 0 6 0.705822 1.269285
5 3 1 6 -0.298291 -0.374678
5 3 2 6 -0.723588 -0.256463
5 3 3 6 0.359461 -0.804195
5 3 4 6 -0.129582 -0.091197
5 3 5 6 -0.688301 -0.240878
5 4 0 6 0.219552 -0.044853
5 4 1 6 -1.637417 0.782261
5 4 2 6 0.350258 0.162604
5 4 3 6 0.689978 0.740777
5 4 4 6 1.363474 1.002693
5 4 5 6 -0.270747 0.058700
5 5 0 6 -0.338153 0.299915
5 5 1 6 -0.030133 -0.009517
5 5 2 6 0.712126 0.474155
5 5 3 6 0.694113 -0.116661
5 5 4 6 0.827306 -0.099927
5 5 5 6 1.318296 -0.835143
0 0 0 7 0.658036 0.031226
0 0 1 7 0.200934 -0.297440
0 0 2 7 -1.323332 -1.400316
0 0 3 7 -0.969609 0.701271
0 0 4 7 -0.889648 0.887874
0 0 5 7 0.287125 1.127783
0 1 0 7 -0.039385 0.821694
0 1 1 7 -0.298080 -0.426803
0 1 2 7 -0.224133 -1.283191
0 1 3 7 -0.230478 0.986149
0 1 4 7 -0.412120 1.204968
0 1 5 7 -0.490216 0.781064
0 2 0 7 0.053311 0.606019
0 2 1 7 0.853643 0.341810
0 2 2 7 0.288173 -0.606797
0 2 3 7 -1.164217 0.297735
0 2 4 7 0.723004 -0.976289
0 2 5 7 0.003378 -0.185660
0 3 0 7 -1.169367 -0.529479
0 3 1 7 -0.774304 0.642206
0 3 2 7 0.173095 1.255655
0 3 3 7 0.166408 -0.541260
0 3 4 7 0.748918 0.317422
0 3 5 7 -1.449761 -0.340004
0 4 0 7 0.231129 -0.426439
0 4 1 7 0.008168 0.272555
0 4 2 7 -0.410497 0.613800
0 4 3 7 1.369004 0.194403
0 4 4 7 0.533467 1.036546
0 4 5 7 0.066491 -0.087682
0 5 0 7 0.507745 -0.075212
0 5 1 7 -0.968356 -0.891623
0 5 2 7 -0.725596 -0.723572
0 5 3 7 0.601036 -1.267288
0 5 4 7 1.065976 -0.322997
0 5 5 7 0.354440 -0.045681
1 0 0 7 0.280721 0.979093
1 0 1 7 1.105609 0.664914
1 0 2 7 -1.535222 0.093381
1 0 3 7 -0.565722 -0.428658
1 0 4 7 0.174857 0.651190
1 0 5 7 -0.189261 0.762400
1 1 0 7 -0.867722 0.318094
1 1 1 7 -0.899016 -1.052731
1 1 2 7 -1.241826 -0.120050
1 1 3 7 0.321773 0.308804
1 1 4 7 0.173169 1.459803
1 1 5 7 -0.962499 0.588287
1 2 0 7 1.579105 -0.324722
1 2 1 7 -0.403272 0.503382
1 2 2 7 -1.279305 -0.045689
1 2 3 7 -1.603969 -0.157719
1 2 4 7 0.083206 1.711721
1 2 5 7 0.863164 -0.704669
1 3 0 7 -0.230535 0.784064
1 3 1 7 0.249511 1.596033
1 3 2 7 -0.739585 -0.412644
1 3 3 7 -1.427664 0.626755
1 3 4 7 -0.601512 0.684761
1 3 5 7 -1.073982 0.287946
1 4 0 7 0.333424 0.752453
1 4 1 7 1.080261 -0.415686
1 4 2 7 -0.437911 -0.123608
1 4 3 7 0.537599 0.232580
1 4 4 7 -0.779437 0.373701
1 4 5 7 -0.428614 0.490568
1 5 0 7 -0.714278 0.202149
1 5 1 7 0.304812 -0.249356
1 5 2 7 -0.561745 0.795735
1 5 3 7 -1.071685 0.718665
1 5 4 7 -0.591889 -0.919114
1 5 5 7 0.654942 -0.194731
2 0 0 7 -0.200999 0.922870
2 0 1 7 0.583835 -0.160716
2 0 2 7 -0.286776 0.991587
2 0 3 7 -0.326618 0.189861
2 0 4 7 -0.042575 0.348141
2 0 5 7 -0.512800 0.332031
2 1 0 7 0.061627 0.265560
2 1 1 7 0.412990 -0.113922
2 1 2 7 1.132349 -1.188021
2 1 3 7 0.704433 -0.420982
2 1 4 7 0.510451 0.091840
2 1 5 7 -0.111265 0.149874
2 2 0 7 0.658402 0.315205
2 2 1 7 0.463409 -0.371331
2 2 2 7 0.700170 0.129686
2 2 3 7 -0.144829 -0.976361
2 2 4 7 1.055178 -0.645210
2 2 5 7 0.862959 -0.859729
2 3 0 7 0.434450 0.628818
2 3 1 7 0.492840 0.336085
2 3 2 7 -1.270729 -0.116146
2 3 3 7 -0.828030 0.380837
2 3 4 7 -0.870384 -0.145362
2 3 5 7 0.665475 -0.677382
2 4 0 7 0.095447 -0.761470
2 4 1 7 -0.221681 -0.847824
2 4 2 7 -0.277477 -0.406282
2 4 3 7 -0.222845 0.460000
2 4 4 7 -0.069606 -0.874232
2 4 5 7 -0.666917 -0.165448
2 5 0 7 -0.116394 0.759133
2 5 1 7 0.191361 -0.529803
2 5 2 7 0.047437 -0.956637
2 5 3 7 -0.551784 -1.082670
2 5 4 7 0.688222 0.616355
2 5 5 7 -0.742935 0.656780
3 0 0 7 -1.727882 0.096115
3 0 1 7 -0.265607 0.168298
3 0 2 7 -0.332259 1.031831
3 0 3 7 0.054872 0.844944
3 0 4 7 0.576016 0.697376
3 0 5 7 -1.337974 -0.478621
3 1 0 7 -0.929362 0.093136
3 1 1 7 -0.325867 1.207458
3 1 2 7 0.609934 -0.413082
3 1 3 7 0.907210 -1.266553
3 1 4 7 1.591230 0.332733
3 1 5 7 0.578304 0.134608
3 2 0 7 -0.319342 0.520133
3 2 1 7 -0.247979 -0.135876
3 2 2 7 -0.904364 -0.773967
3 2 3 7 -0.472509 0.309502
3 2 4 7 0.737220 -0.714920
3 2 5 7 -0.074977 0.534283
3 3 0 7 0.457310 1.069503
3 3 1 7 0.822857 -0.555607
3 3 2 7 -0.545078 0.768497
3 3 3 7 -0.372912 0.413328
3 3 4 7 -0.990466 1.444535
3 3 5 7 1.392728 -0.293173
3 4 0 7 1.028654 -0.639972
3 4 1 7 0.584676 -0.390517
3 4 2 7 -0.480175 -0.079983
3 4 3 7 1.636283 -0.633179
3 4 4 7 -0.199120 -0.412020
3 4 5 7 0.013736 -0.630232
3 5 0 7 -0.370363 -0.851827
3 5 1 7 -0.757104 -0.331989
3 5 2 7 -0.221991 -1.101237
3 5 3 7 -0.413762 0.802775
3 5 4 7 0.123953 0.969225
3 5 5 7 -0.898047 1.634916
4 0 0 7 0.481975 0.613161
4 0 1 7 1.236254 0.244329
4 0 2 7 0.808485 0.026563
4 0 3 7 0.700527 0.652377
4 0 4 7 0.547634 0.217295
4 0 5 7 0.310052 0.171064
4 1 0 7 -0.003967 -0.603525
4 1 1 7 1.699463 0.581628
4 1 2 7 -0.550057 -0.254278
4 1 3 7 0.095903 0.943563
4 1 4 7 0.218674 -0.813491
4 1 5 7 -0.167644 -0.960555
4 2 0 7 0.249141 -1.353558
4 2 1 7 0.181288 -0.845492
4 2 2 7 0.232973 0.544300
4 2 3 7 -0.341973 0.221847
4 2 4 7 0.359311 -0.340419
4 2 5 7 -0.259048 0.835051
4 3 0 7 0.091755 0.962347
4 3 1 7 0.827224 -0.672961
4 3 2 7 0.104596 0.287806
4 3 3 7 -1.567563 -0.419615
4 3 4 7 -0.102062 0.671136
4 3 5 7 0.135883 0.775902
4 4 0 7 1.049973 1.310209
4 4 1 7 1.134547 1.034789
4 4 2 7 0.375849 0.299891
4 4 3 7 -1.198067 1.389687
4 4 4 7 -0.511966 0.658662
4 4 5 7 0.907914 0.675087
4 5 0 7 -0.114341 0.432000
4 5 1 7 -0.387723 1.034064
4 5 2 7 -0.048150 -0.454397
4 5 3 7 -0.288299 0.653843
4 5 4 7 0.136087 -0.738740
4 5 5 7 0.403960 -0.104939
5 0 0 7 -0.093204 -0.109694
5 0 1 7 -0.208861 -1.283751
5 0 2 7 0.315755 0.266803
5 0 3 7 -0.559176 -0.432232
5 0 4 7 0.418262 -0.672274
5 0 5 7 0.818267 0.326093
5 1 0 7 0.068467 0.821041
5 1 1 7 0.626640 0.122820
5 1 2 7 0.314771 0.487532
5 1 3 7 0.140198 1.398366
5 1 4 7 -0.073747 0.505469
5 1 5 7 0.023305 -1.171531
5 2 0 7 -0.619584 -0.965526
5 2 1 7 -0.272136 -0.448273
5 2 2 7 -1.074604 -0.741297
5 2 3 7 0.209500 -0.335480
5 2 4 7 -1.035966 -0.057529
5 2 5 7 0.412577 1.169020
5 3 0 7 0.441551 -0.413352
5 3 1 7 -0.040931 0.559514
5 3 2 7 -0.108785 0.443019
5 3 3 7 -0.906201 -0.243203
5 3 4 7 -0.562970 0.347297
5 3 5 7 0.414643 1.111227
5 4 0 7 -0.566322 0.113856
5 4 1 7 -0.273890 0.644464
5 4 2 7 -0.605779 0.579811
5 4 3 7 -0.280244 -0.823828
5 4 4 7 0.062606 -0.088735
5 4 5 7 0.489456 0.270898
5 5 0 7 -0.626545 -0.046035
5 5 1 7 -0.502234 -0.400416
5 5 2 7 -0.274347 0.497600
5 5 3 7 -0.717798 -0.797521
5 5 4 7 -0.289931 -0.714040
5 5 5 7 0.627376 0.738615
